1980750196
6883749265
4735921486
8036928471
2198457630
8350179426
4562319078
7692430185
5243189076
8079615423
3628901574
5014786329
8947236105
2054983176
6354728901
7049857236
9182460375
6745829130
3976148250
3259874016
6857312409
1946235708
2179853460
6931082745
4805231769
8397205641
5683174209
7546291380
3154897260
5692184307
7628903154
3846502791
6129748350
5432091867
9781462053
7583461920
6352071984
8271490635
9102846375
8472039165
6948175203
5237194860
4719852306
7068451923
2804659137
3897162450
1768203495
4287039615
3015674829
7340892156
4160257839
6289457130
5360914728
9825401763
9172460385
4369825701
3412678905
7928136450
6578240931
8250371496
3901658247
1432768950
2167903845
9532870416
2650987143
4296750813
9704862351
3498127605
2583047196
1458703269
7540286193
2809614375
4321597086
6703821495
8937154602
2015649837
6591238407
2750841396
4189073256
6472583019
8926043715
7932168045
2647013985
1632478905
1372948065
7549201863
7903146285
3860721594
6072843195
3826975401
2741869350
3195748620
3629701845
9750813462
5017842396
3675892104
4793165820
3492856701
8564973021
5723098146
4317962058
8903152746
7605281349
4289051673
7162549803
3284675109
9650327481
1908654723